   9.8389354e+00   8.0318036e+00
   9.3421751e+00   9.3150578e+00
   1.0706752e+01   1.4885957e+00
   1.1540317e+01   5.6934946e+00
   9.9780584e+00   3.6917970e+00
   1.1054762e+01   2.8370438e+00
   9.3032422e+00   5.2067605e+00
   1.0159301e+01   4.0562712e+00
   9.8235299e+00   5.1022376e+00
   1.1630259e+01   6.5370115e+00
   1.0293964e+01   3.1290389e+00
   1.0767713e+01   4.6945788e+00
   9.6588134e+00   1.5992855e+00
   9.3665974e+00   4.2334949e+00
   1.0394703e+01   6.9777036e+00
   9.1815614e+00   1.5086033e+00
   8.6382703e+00   5.7817020e+00
   9.6978826e+00   2.2960000e+00
   1.1599174e+01   5.4379885e+00
   9.6076789e+00   4.0994167e+00
   1.0220828e+01   4.4429427e+00
   9.4062781e+00   1.7922225e+00
   7.9496071e+00   3.1778628e+00
   1.0000427e+01   4.6139574e+00
   1.1693660e+01   5.1433577e+00
   9.6684717e+00   4.6173732e+00
   8.8498554e+00   3.7175408e+00
   9.0093278e+00   7.6571094e+00
   1.0364190e+01   4.6110732e+00
   9.5796687e+00   3.4482063e+00
   1.0983622e+01   3.4827057e+00
   9.7242348e+00   4.8488027e+00
   7.9144761e+00   6.8580084e+00
   9.5605287e+00   4.1508649e+00
   1.0711924e+01   6.7431311e+00
   1.1026476e+01   5.4530489e+00
   1.1284935e+01   3.8733480e+00
   1.1000720e+01   3.3655556e+00
   1.1073391e+01   5.3546881e+00
   1.1894032e+01   4.7933460e+00
   1.1534432e+01   3.1900188e+00
   1.0175589e+01   3.4113147e+00
   9.5238822e+00   6.0782564e+00
   9.7202514e+00   6.0433278e+00
   1.0702630e+01   4.3771992e+00
   1.1208175e+01   6.6522554e+00
   9.7524407e+00   4.3001187e+00
   1.1512670e+01   4.7689946e+00
   9.2750529e+00   7.4696434e+00
   9.5346689e+00   3.9201580e+00
   9.6130491e+00   9.1408917e-01
   9.3380496e+00   2.4222397e+00
   1.0869901e+01   5.5816975e+00
   9.8129141e+00   4.5684155e+00
   1.1851537e+01   1.0502681e+01
   9.9938715e+00   2.1698468e+00
   1.1866280e+01   4.5122620e+00
   7.5700316e+00   5.0805014e+00
   1.0361817e+01   2.2523411e+00
   1.0283483e+01   7.1583746e+00
   1.1935189e+01   6.4878623e+00
   1.0261724e+01   8.0857213e+00
   1.1779162e+01   6.3750443e+00
   1.1892736e+01  -2.1003366e+00
   9.3796842e+00   3.0658937e+00
   8.8093434e+00   5.6235809e+00
   1.0858194e+01   3.3698621e+00
   9.1849230e+00   5.5667409e+00
   9.8428468e+00   4.8675243e+00
   9.4287712e+00   3.9050064e+00
   1.0100811e+01   5.1361125e+00
   1.0596425e+01   6.0259475e+00
   1.0712204e+01   7.2861921e+00
   1.0135641e+01   3.2121098e+00
   9.0530913e+00   3.8564551e+00
   9.1530723e+00   3.5587140e+00
   1.0292303e+01   6.6957920e+00
   7.8156990e+00   8.1452537e+00
   8.8255553e+00   7.1114420e+00
   8.4342312e+00   7.6820275e+00
   9.6720532e+00   5.4985507e+00
   1.0485221e+01   3.3965883e+00
   1.2364750e+01   6.3594957e+00
   9.9958730e+00   8.4527597e+00
   8.9323617e+00   6.0121190e+00
   9.5464512e+00   6.8584229e+00
   1.0458221e+01   1.9130043e+00
   1.1021847e+01   6.1421118e+00
   9.5409252e+00   4.6921561e+00
   9.9953902e+00   6.1066571e+00
   1.1185862e+01   7.5535685e+00
   1.0223739e+01   3.7211752e+00
   1.0080392e+01   8.0118697e+00
   9.6689324e+00   3.1132129e+00
   9.6153718e+00   5.0816634e+00
   1.1058004e+01   5.6139113e+00
   9.4683405e+00   7.1336462e+00
   9.9527295e+00   4.3537073e+00
   8.9661807e+00   3.1282517e+00
   1.0603745e+01   7.8332282e+00
   1.0249176e+01   5.7252859e+00
   1.0441544e+01   1.1726442e+00
   9.9730738e+00   5.6398448e+00
   9.2579017e+00   1.5988264e+00
   9.9146850e+00   6.5818320e+00
   8.7158910e+00   7.7743332e+00
   9.6614043e+00   4.6344443e+00
   1.2307190e+01   3.1832133e+00
   1.1672313e+01   7.4538597e+00
   1.0867776e+01   3.9785934e+00
   1.0438064e+01   3.3630561e+00
   1.0826555e+01   2.4764589e+00
   1.0389501e+01   2.0647039e+00
   1.0931750e+01   5.5515584e+00
   1.1205763e+01   4.3365074e+00
   8.9787423e+00   6.5769688e+00
   9.8090106e+00   4.8866121e+00
   9.9728492e+00   4.5806271e+00
   9.4448811e+00   1.5570690e+00
   9.0058164e+00   3.4490722e+00
   1.1272120e+01   5.2088593e+00
   1.0667813e+01   4.1437097e+00
   9.0892240e+00   7.5500937e+00
   8.9473220e+00   1.3371390e+00
   1.0427199e+01   4.6376041e+00
   9.3111617e+00   5.2291511e+00
   8.8017008e+00   3.5552848e+00
   9.7525420e+00   5.2240057e+00
   9.1552663e+00   8.3225350e+00
   1.0849617e+01   2.8992224e+00
   1.2306573e+01   4.2982370e+00
   8.2990473e+00   2.1618389e+00
   1.0837503e+01   6.4558750e+00
   1.0422432e+01   2.5878907e+00
   9.1574445e+00   3.2836115e+00
   1.0961658e+01   7.8459066e+00
   9.1116253e+00   6.6468406e+00
   8.1177503e+00   3.4880596e+00
   8.8766857e+00   7.0330862e+00
   1.0578163e+01   3.6818079e+00
   1.0410310e+01   5.2120547e+00
   1.1002655e+01   8.6687335e+00
   1.0490773e+01   9.5143267e+00
   1.1260355e+01   4.1136962e+00
   7.9951868e+00   4.9399781e+00
   9.6954949e+00   7.0781814e+00
   9.6367963e+00   6.2150237e+00
   9.9421156e+00   4.5339564e+00
   1.1067183e+01   4.5810605e+00
   9.3235758e+00   3.4319430e+00
   1.0252454e+01   4.5603912e-01
   8.0893328e+00   4.6866967e+00
   9.0846431e+00   2.6042628e+00
   1.0940145e+01   4.5441191e+00
   8.2565360e+00   9.9365988e+00
   1.1414846e+01   5.0677721e+00
   9.5158977e+00   8.0190554e+00
   1.0527767e+01   2.7785711e+00
   8.8237219e+00   7.5511453e+00
   1.0754809e+01   1.6527716e+00
   9.9985895e+00   4.4401476e+00
   1.1254061e+01   5.5815070e+00
   9.4532556e+00   6.2402054e+00
   9.2646450e+00   4.7514753e+00
   9.2439221e+00   2.8355525e+00
   1.1974707e+01   2.5646476e+00
   9.6702886e+00   3.5556853e+00
   8.3909871e+00   2.9616677e+00
   1.0948567e+01   3.8418277e+00
   1.0024952e+01   3.0989526e+00
   9.6441277e+00   7.4841148e+00
   1.0516817e+01   5.5398315e+00
   1.0887479e+01   5.5669343e+00
   9.3628215e+00   3.3220321e+00
   1.0110898e+01   5.5536232e+00
   9.6893451e+00   5.6460243e+00
   9.4219000e+00   3.1279017e+00
   1.0475525e+01   2.6216525e+00
   1.0721367e+01   1.1301290e+00
   8.6298628e+00   6.7455865e+00
   1.1110128e+01   2.9757033e+00
   1.0148840e+01   5.0934757e+00
   9.7639644e+00   5.1662218e+00
   8.4115189e+00   5.1824326e+00
   9.7427881e+00   3.7235909e+00
   9.9304402e+00   4.5472971e+00
   1.0103799e+01   4.3861705e+00
   9.5634989e+00   7.6991418e+00
   1.0926095e+01   2.6876329e+00
   1.1568029e+01   4.5881757e+00
   1.1243630e+01   7.1328045e+00
   9.7694507e+00   5.8421361e+00
   1.0335604e+01   2.8235813e+00
   1.0406721e+01   6.5863030e+00
   9.3782009e+00  -4.0367195e-01
   9.9885128e+00   4.0148204e+00
   9.4102815e+00   8.1354941e+00
   1.0068756e+01   5.9969214e+00
   1.1610037e+01   6.5832166e+00
   9.8129656e+00   4.8140939e+00
   9.2692386e+00   4.2395672e+00
   1.1377439e+01   6.3918327e+00
   1.0873068e+01   9.6341193e+00
   9.4745983e+00   4.4632018e+00
   9.2630022e+00   7.8740414e+00
   1.1410895e+01   3.9213949e+00
   1.0031370e+01   4.1398563e+00
   1.0185255e+01   6.3014706e+00
   1.0349282e+01   3.1958948e+00
   9.3709421e+00   6.8845513e+00
   1.1088883e+01   1.6334670e+00
   1.2353137e+01   1.5850324e-01
   7.5121755e+00   4.6821579e+00
   1.0197966e+01   5.6577637e+00
   1.0945361e+01   7.5508071e+00
   9.2041637e+00   5.2393366e+00
   1.0089737e+01   6.9088583e+00
   1.0170593e+01   5.4811206e+00
   9.4002496e+00   6.3589931e+00
   1.0706568e+01   3.0624596e+00
   1.1214850e+01   4.8471858e+00
   1.0223226e+01   3.8044202e+00
   1.0369662e+01   4.5260214e+00
   9.4534988e+00   9.5933005e+00
   1.1118490e+01   2.1916878e+00
   9.9097294e+00   5.0683543e+00
   1.0440657e+01   4.3581987e+00
   1.1174762e+01   5.7587654e+00
   9.7027598e+00   8.5853578e+00
   9.8058164e+00   6.8246293e+00
   1.0090557e+01   3.6861725e+00
   9.7766845e+00   2.1324672e+00
   8.7310714e+00   6.6959863e+00
   1.0482404e+01   3.0157642e+00
   8.5584662e+00   3.5694740e+00
   9.6955470e+00   5.9307001e+00
   8.5916087e+00   1.9551034e+00
   1.1301448e+01   8.1124947e+00
   1.0085390e+01   5.2056425e+00
   1.0478953e+01   4.5318213e+00
   9.7371629e+00   6.6156494e+00
   1.1586840e+01   6.6124263e+00
   9.5960181e+00   4.5016581e+00
   1.1151703e+01   7.2046660e+00
   1.1153125e+01   5.7346226e+00
   9.4744049e+00   7.2000055e+00
   1.0429359e+01   5.5269496e+00
   1.0126600e+01   4.6178144e+00
   1.2114990e+01   8.4974916e+00
   9.0057805e+00   3.4335879e+00
   8.4154514e+00   6.2661692e+00
   1.0310851e+01   9.0447790e+00
   9.0303916e+00   4.1733036e+00
   9.4108509e+00   6.2692719e+00
   1.0331433e+01   5.6391058e+00
   8.7019469e+00   4.3035086e+00
   1.1071702e+01   4.9928915e+00
   1.0421407e+01   6.2355696e+00
   1.1422409e+01   9.6569591e+00
   9.6881490e+00   6.7728559e+00
   1.0913029e+01   4.5118290e+00
   8.8810897e+00   1.0537560e+00
   1.0240834e+01   5.4981202e+00
   1.1123422e+01   5.5219550e+00
   9.3517896e+00   3.4170386e+00
   1.0087371e+01   7.0186665e+00
   1.1634679e+01   5.7817454e+00
   9.2154936e+00   6.1738007e+00
   8.8896108e+00   4.0276266e+00
   1.0933612e+01   3.6322912e+00
   9.9765127e+00   4.0651504e+00
   8.8993212e+00   2.7788389e+00
   9.1062898e+00   3.9549182e+00
   1.0346269e+01   6.4536848e+00
   1.0244884e+01   4.8930650e-01
   9.6484217e+00   1.4560552e+00
   1.0229060e+01   5.0531798e+00
   1.0564432e+01   5.6569860e+00
   9.2690317e+00   3.1023402e+00
   9.6802401e+00   6.0728843e+00
   9.2743432e+00   7.5180438e+00
   1.1339889e+01   6.3674856e+00
   8.7213069e+00   1.8732107e+00
   1.1614101e+01   3.5388726e+00
   9.4302313e+00   3.2923787e+00
   9.9979685e+00   4.3224945e+00
   1.0957539e+01   3.6574308e+00
   1.0737782e+01   3.3167708e+00
   9.6586057e+00   8.8198268e+00
   1.0888577e+01   4.3340616e+00
   8.8202764e+00   4.6951469e+00
   1.1381475e+01   5.5727245e+00
   1.1160444e+01   1.5355560e+00
   1.0018513e+01   2.7167339e+00
   1.0403892e+01   5.9397296e+00
   1.0979507e+01   5.7027793e+00
   9.6722640e+00   2.6779633e+00
   1.0545407e+01   7.2513161e+00
   1.0687199e+01   4.8665219e+00
   1.0371951e+01   5.2833813e+00
   8.5794678e+00   5.2185673e+00
   9.6643335e+00   3.9000551e+00
   8.0237570e+00   1.3374378e+00
   9.6169885e+00   4.7382461e+00
   9.2101422e+00   1.8700579e+00
   9.9039596e+00   4.6706666e+00
   1.0377407e+01   5.4146929e+00
   1.0830015e+01   5.3959245e+00
   9.8568334e+00   2.2274562e+00
   1.0040143e+01   5.7332000e+00
   1.1013283e+01   2.5790678e+00
   1.1296713e+01   5.5033449e+00
   1.0217592e+01   6.2064026e+00
   1.0861256e+01   8.1968118e+00
   9.2700990e+00   8.9839162e-01
   1.1585622e+01   6.6585244e+00
   9.3372274e+00   4.6756898e+00
   9.2324655e+00   4.8493797e+00
   1.0538124e+01   3.8751917e+00
   9.9346674e+00   5.4683094e+00
   8.4135089e+00   4.4827629e+00
   1.1077468e+01   3.7624731e+00
   1.0695205e+01   3.9227886e+00
   1.1647625e+01   6.2325639e+00
   1.0294840e+01   5.9832541e+00
   1.0704983e+01   7.2012398e+00
   8.8485496e+00   5.7258893e+00
   1.1859465e+01   4.7082119e+00
   1.2371459e+01   2.7232567e+00
   9.6186800e+00   5.6295679e+00
   9.3052188e+00   4.3868299e+00
   1.1000110e+01   5.4430306e+00
   8.8647210e+00   6.7491593e+00
   1.0153609e+01   4.0143051e+00
   9.8651815e+00   4.0354791e+00
   1.0826630e+01   4.4816131e+00
   8.0311543e+00   5.4251926e+00
   1.0123438e+01   9.0738742e+00
   1.0261917e+01   3.2542103e+00
   8.2289047e+00   7.6798538e+00
   9.8411598e+00   4.5691352e+00
   1.0629176e+01   6.7957925e+00
   8.7242295e+00   5.1194135e+00
   9.6999601e+00   3.9315764e+00
   1.0196849e+01   4.4816006e+00
   9.4774160e+00   6.9177481e+00
   1.1573180e+01   7.5335712e+00
   1.0769435e+01   6.9220432e+00
   9.4212415e+00   3.8724773e+00
   1.0331623e+01   2.4223522e+00
   1.1128817e+01   5.8017354e+00
   1.0248219e+01   6.0559605e+00
   1.0556922e+01  -2.5101479e-02
   1.0643141e+01   5.0484619e+00
   1.0739145e+01   9.1911202e+00
   8.6772554e+00   4.6231269e+00
   9.3232064e+00   3.7116157e+00
   9.6471121e+00   2.9844669e+00
   8.4025713e+00   1.3780805e+00
   8.5981151e+00   4.0211200e+00
   1.0357646e+01   5.6028577e+00
   1.0358910e+01   3.0321856e+00
   1.0924599e+01   5.5069323e+00
   1.0365598e+01   6.5759369e+00
   9.2332177e+00   3.8134081e+00
   9.9842764e+00   5.9844075e+00
   9.2834883e+00   6.1309693e+00
   1.0867158e+01   4.9143889e+00
   8.4890496e+00   8.9128970e+00
   1.0859447e+01   2.4555956e+00
   1.0498097e+01   5.5501322e+00
   1.0773094e+01   3.1465117e+00
   9.4213818e+00   3.5564764e+00
   1.0197132e+01   5.8819478e+00
   9.9589657e+00   7.1857891e+00
   8.4891507e+00   5.3402061e+00
   1.0484784e+01   7.6096996e+00
   1.0442595e+01   3.1397374e+00
   9.2568950e+00   5.6763162e+00
   1.1240029e+01   3.9382121e+00
   8.2348774e+00   3.4852864e+00
   9.5890059e+00  -2.6311998e-01
   9.6091699e+00   6.5203642e+00
   9.2862834e+00   8.7497005e+00
   9.3360553e+00   5.9992811e+00
   1.0483047e+01   7.7526461e+00
   9.1262045e+00   5.1179609e+00
   1.0068880e+01   2.5391608e+00
   9.5748779e+00   3.2550566e+00
   9.8716376e+00   3.3946682e+00
   1.1932349e+01   7.2047523e+00
   9.4581424e+00   4.0392771e+00
   1.0885521e+01   5.1828846e+00
   1.0037869e+01   2.3337028e+00
   1.0031480e+01   4.6338702e+00
   8.0973898e+00   1.7482664e+00
   1.1020773e+01   3.5951529e+00
   1.0154524e+01   6.5189845e+00
   9.5659837e+00   8.4193070e+00
   1.0037427e+01   5.9708823e+00
   9.8909924e+00   5.1944765e+00
   1.1832023e+01   7.1465223e+00
   8.8931538e+00   6.4560389e+00
   9.4384669e+00   1.0225852e-01
   1.0262806e+01   1.4168667e+00
   1.1854164e+01   3.3332887e+00
   1.0257336e+01   3.2527830e+00
   1.1111137e+01   1.7995387e+00
   1.0752619e+01   3.6434927e+00
   1.0718946e+01   3.1376470e+00
   1.1287539e+01   7.2004431e+00
   1.2291230e+01   3.7800493e+00
   1.0147585e+01   2.4479675e+00
   9.7099799e+00   4.1674676e+00
   1.0187214e+01   3.6300652e+00
   9.6968184e+00   5.5243211e+00
   7.6886556e+00   4.5374285e+00
   9.8840491e+00   2.0289662e+00
   1.0167839e+01   6.1606463e+00
   9.6337012e+00   4.2720973e+00
   9.7831263e+00   3.7999401e+00
   1.1236237e+01   3.2964077e+00
   1.0082520e+01   6.5877760e+00
   9.9701022e+00   4.7821403e+00
   9.3386540e+00   1.8943739e+00
   9.4427562e+00   9.3415887e+00
   9.8990968e+00   4.3166077e+00
   1.0127927e+01   5.5421157e+00
   1.0388609e+01   5.7096543e+00
   1.1635242e+01   2.3869485e+00
   1.1356565e+01   7.4422851e+00
   8.8028034e+00   5.5022349e+00
   1.1756589e+01   5.2873072e+00
   9.0145013e+00   7.7012800e+00
   1.2571211e+01   5.3181903e+00
   1.0199287e+01   1.5554303e+00
   9.5612722e+00   4.9678804e+00
   7.9786966e+00   7.3339868e+00
   9.6020192e+00   7.4252657e+00
   1.1542144e+01   5.5293520e+00
   9.5873396e+00   1.6130531e+00
   9.5491794e+00   7.1928843e+00
   8.6869900e+00   4.8852311e+00
   8.8260788e+00   5.3837855e+00
   9.4213138e+00   7.5625447e+00
   1.0360030e+01   5.8055137e+00
   7.9377155e+00  -2.4444225e+00
   1.0667355e+01   1.6725273e+00
   9.5188867e+00   3.3439829e+00
   1.0804328e+01   2.4174139e+00
   9.9956543e+00   5.3069282e+00
   9.5573065e+00   5.3039193e+00
   1.0502764e+01   3.6137736e+00
   1.0505154e+01   7.3389152e+00
   1.2025121e+01   3.4238350e+00
   8.6987973e+00   4.3088140e+00
   9.2979693e+00   3.6652441e+00
   8.7765534e+00   3.2070734e+00
   9.4298756e+00   5.1092342e+00
   9.4946060e+00   2.2116878e+00
   9.5585722e+00   4.3756167e+00
   9.5310733e+00   6.6606488e+00
   9.4896127e+00   6.6275604e+00
   9.7628682e+00   1.1078463e+00
   1.0428235e+01   5.8134384e+00
   1.1113711e+01   4.0840320e+00
   9.6350414e+00   5.9010725e+00
   1.1827429e+01   5.3442371e+00
   1.0872757e+01   4.3678396e+00
   1.1219669e+01   4.9733674e+00
   9.0197994e+00   6.2158047e+00
   8.1718126e+00   6.4520495e+00
   1.0326944e+01   3.5006215e+00
   1.0344328e+01   2.3452933e+00
   8.2997379e+00   4.1618953e+00
   8.5141263e+00   7.0399947e+00
   1.0352062e+01   5.6856249e+00
   1.1036450e+01   5.7879984e+00
   1.1356346e+01   4.1149337e+00
   9.0817370e+00   3.4686804e+00
   1.0604622e+01   9.1540649e+00
   1.0614244e+01   4.7896700e+00
   9.9679248e+00   4.9335051e+00
   8.9481293e+00   4.4526063e+00
   8.8955231e+00   5.1394299e+00
   1.0740518e+01   4.3609807e+00
   8.3179329e+00   2.9115660e+00
   9.7050697e+00   5.9858855e+00
   1.0140475e+01   7.8795773e+00
   1.1092969e+01   5.3697376e+00
   9.6408497e+00   3.5117018e+00
   8.6075133e+00   5.1128564e+00
   1.0348040e+01   7.0406069e+00
   9.2803393e+00   8.5662866e+00
   1.1777480e+01   2.1895125e+00
   9.1320580e+00   5.2280199e+00
   1.0171005e+01   4.1334320e+00
   1.2042415e+01   6.0892032e+00
   1.1054110e+01   5.3378329e+00
   9.9830843e+00   3.8227436e+00
   1.0479165e+01   1.3856236e+00
   1.2402745e+01   2.5716494e+00
   1.1400644e+01   3.7871992e+00
   8.6715999e+00   4.4525957e+00
   1.0184714e+01   7.3514863e+00
   1.1064855e+01   3.8108559e+00
   8.4651505e+00   5.7440678e+00
   1.0288671e+01   6.8116472e+00
   9.9318363e+00   5.4633259e+00
   1.0288373e+01   5.1695959e+00
   9.1949240e+00   3.7789051e+00
   8.1730149e+00   6.6826392e+00
   8.9275674e+00   8.2572346e+00
   1.1874892e+01   5.9510760e+00
   9.8702656e+00   5.6146284e+00
   9.0484692e+00   5.4707396e+00
   1.1467860e+01   7.0680770e+00
   1.0918985e+01   4.3382051e+00
   9.1374056e+00   3.9756140e+00
   1.1074952e+01   6.0637276e+00
   1.1110396e+01   4.3870375e+00
   9.2262407e+00   6.7836474e+00
   1.0539885e+01   2.0722623e+00
   9.6292597e+00   7.6527321e+00
   1.1250801e+01   3.5387618e+00
   8.7379342e+00   5.4770988e+00
   9.5914661e+00   4.0642414e+00
   1.0820790e+01   6.4271412e+00
   9.9204662e+00   2.1650075e+00
   1.0576393e+01   2.8654125e+00
   1.1737545e+01   8.2647594e+00
   9.5736410e+00   3.0492220e+00
   8.9041754e+00   3.6032768e+00
   1.1562285e+01   5.1246342e+00
   9.5626001e+00   3.4025901e+00
   1.0318284e+01   5.2934133e+00
   9.4180373e+00   7.3518521e+00
   8.4312044e+00   5.1373680e+00
   9.0526647e+00   8.4523728e+00
   1.1312238e+01   2.1005197e+00
   9.5848577e+00   4.4307141e+00
   9.8498172e+00   3.2519169e+00
   1.0300038e+01   5.7370004e+00
   1.1176818e+01   2.4766630e+00
   1.0152397e+01   1.4808110e+00
   9.7415108e+00   4.2129337e+00
   9.1475289e+00   1.3699249e+00
   1.0582815e+01   3.2037898e+00
   7.9116933e+00   3.9053956e+00
   8.8250181e+00   1.6592158e+00
   1.0736325e+01   6.1278387e+00
   1.0446869e+01   5.6112247e+00
   8.7231601e+00   3.7457026e+00
   1.0537017e+01   2.2153216e+00
   1.0469469e+01   4.4494087e+00
   8.8156985e+00   4.6642997e+00
   9.9282230e+00   6.5410564e-01
   1.1602089e+01   7.6148351e+00
   9.5064792e+00   5.8710594e+00
   8.6524541e+00   1.4929082e+00
   1.0158755e+01   8.9561589e+00
   9.4398453e+00   4.6929069e+00
   9.6412946e+00   2.0532186e+00
   1.0410164e+01   3.1479107e+00
   9.9451668e+00   5.5254144e+00
   9.6185586e+00   2.1204108e+00
   8.9682729e+00   4.0529111e+00
   9.1797486e+00   4.7969883e+00
   8.9764891e+00   4.1500613e+00
   9.3948353e+00   5.4073337e+00
   1.1760523e+01   3.5759731e+00
   1.0147654e+01   4.4989675e+00
   9.4506455e+00   5.3814547e+00
   9.8721355e+00   5.5982612e-01
   1.0245328e+01   1.1635859e+00
   1.0276074e+01   2.8658432e+00
   1.0318718e+01   5.1597077e+00
   1.1090540e+01   5.4055893e+00
   9.6561180e+00   3.5377569e+00
   1.0355116e+01   7.6248670e+00
   9.3813846e+00   7.2660086e+00
   8.1410498e+00   4.6457871e+00
   9.4280636e+00   1.1651072e+01
   1.1417977e+01   4.2693800e+00
   9.6454051e+00   6.9667851e+00
   1.1021880e+01   4.8739569e+00
   1.0601820e+01   1.5502963e+00
   9.4027492e+00   8.7596688e+00
   1.1913355e+01   2.8728969e+00
   1.0873432e+01   5.1474623e+00
   1.0902577e+01   8.8416298e+00
   9.0903663e+00   6.2854623e+00
   9.3529251e+00   5.7419934e+00
   1.0646443e+01   4.7091603e+00
   1.1199753e+01   5.4904038e+00
   9.9736199e+00   8.7803360e+00
   1.1711935e+01   4.0780799e+00
   9.8722011e+00   4.5569219e+00
   1.0718055e+01   4.0888437e+00
   1.0003367e+01   4.1759012e+00
   1.1093951e+01   4.6550368e+00
   9.6729206e+00   6.2377483e+00
   9.9686148e+00   5.1764189e+00
   8.4916848e+00   3.4785597e+00
   1.0302254e+01   8.3039229e+00
   1.0089736e+01   3.2608606e+00
   1.0528095e+01   4.3391268e+00
   1.0338199e+01   5.1601948e+00
   9.3306649e+00   1.6355896e+00
   1.0664038e+01   2.9818366e+00
   1.2610158e+01   2.4126763e+00
   9.3585360e+00  -3.2859393e-01
   1.0932285e+01   9.2660000e+00
   9.4222337e+00   3.5392931e+00
   9.0915740e+00   6.6801190e+00
   8.8771881e+00   5.0343882e+00
   1.0575368e+01   3.0117233e+00
   1.0033244e+01   4.9192204e+00
   1.0873699e+01   5.8094891e+00
   9.8099864e+00   2.7143729e+00
   8.8246377e+00   7.3962089e+00
   9.8016516e+00   7.3936774e+00
   9.9262324e+00   4.8052470e+00
   1.0612400e+01   6.2286948e+00
   8.7895668e+00   2.5627979e+00
   8.1568725e+00   6.1437476e+00
   1.0458842e+01   4.7433800e+00
   9.2234539e+00   8.2170359e+00
   9.5092267e+00   3.0858537e+00
   1.0550383e+01   9.0230184e+00
   1.0018332e+01   5.0401697e+00
   1.0164924e+01   5.8910155e+00
   1.1184304e+01   7.8990586e+00
   1.1065906e+01   7.2059007e+00
   1.0003593e+01   3.2482729e+00
   9.4683282e+00   3.1695211e+00
   8.8062118e+00   3.1703560e+00
   1.0315765e+01   7.1495006e+00
   1.2313077e+01   4.7286038e+00
   1.1047078e+01   4.1105783e+00
   1.0224957e+01   5.1650340e+00
   8.9021099e+00   7.0715363e+00
   8.7741385e+00   4.6822206e+00
   9.4699755e+00   5.6185644e+00
   6.2578181e+00   3.6919011e-01
   1.0417388e+01   3.6648323e+00
   1.1243494e+01   2.8668296e+00
   1.0110584e+01   3.7216879e+00
   9.6729163e+00   3.4760647e+00
   1.1352896e+01   4.1557884e+00
   9.5722572e+00   4.0173438e+00
   9.4206269e+00   6.3154906e+00
   1.0925968e+01   7.8721661e+00
   1.0005510e+01   1.9299340e+00
   9.3655091e+00   8.5056891e+00
   1.0858327e+01   7.5661017e+00
   9.5192236e+00   5.1872848e+00
   1.1489707e+01   8.1601977e+00
   9.3706088e+00   5.4895674e+00
   9.4060492e+00   2.9594913e+00
   9.3713060e+00   7.2556814e+00
   1.0356252e+01   9.4649374e+00
   1.1305086e+01   3.4515058e+00
   1.0365674e+01   2.9970854e+00
   1.0772078e+01   7.2766527e+00
   1.1255326e+01   4.9520968e+00
   9.8716652e+00   2.2723354e+00
   1.0948623e+01   7.4726324e+00
   9.8755005e+00   4.6918493e+00
   1.2099941e+01   3.4095868e+00
   1.0260282e+01   3.8368548e+00
   9.4545208e+00   4.0046720e+00
   1.0100432e+01   6.8748560e+00
   9.2670959e+00   2.6885452e+00
   8.4758418e+00   5.9384477e+00
   1.0349780e+01   7.0088227e+00
   1.0232859e+01   3.2803148e+00
   1.0654001e+01   5.6687730e+00
   9.1550455e+00   1.6930616e+00
   9.1948849e+00   6.3937572e+00
   9.5092492e+00   2.7555811e+00
   8.9942903e+00   6.6127266e+00
   1.2691354e+01   5.8671301e+00
   1.0371534e+01   4.1772001e+00
   9.3468737e+00   2.0402636e+00
   1.0424323e+01   7.6631737e+00
   1.1229528e+01   5.3054057e+00
   1.0677597e+01   8.3545984e+00
   1.0916650e+01   5.0171302e+00
   1.0480745e+01   1.4432296e+00
   8.4928551e+00   8.3801332e+00
   9.2401067e+00   4.4172225e+00
   1.1059843e+01   6.8488004e+00
   9.8019151e+00   3.5555194e+00
   1.0259201e+01   6.2236692e+00
   1.0554925e+01   6.6699769e+00
   8.9785783e+00   7.0261722e+00
   1.0190113e+01   5.9980978e+00
   9.5652117e+00   4.9183781e+00
   8.5258333e+00   5.2889555e+00
   1.0393233e+01   5.6046900e+00
   9.1559188e+00   3.5230765e+00
   9.4971656e+00   6.1008465e+00
   8.6607802e+00   2.8710512e+00
   9.3970363e+00   1.1892444e+00
   1.0439532e+01   5.3331315e+00
   1.1571506e+01   5.3954637e+00
   8.8684513e+00   5.4414726e+00
   1.0345319e+01   8.5456878e+00
   1.0523388e+01   7.4657649e+00
   1.1043964e+01   8.7275859e+00
   1.1259869e+01   5.4407013e+00
   8.8941205e+00   6.8172709e+00
   1.0061373e+01   3.8176596e+00
   1.1230694e+01   4.5380403e+00
   1.0545106e+01   1.5044610e+00
   1.1399976e+01   5.1396644e+00
   1.1216488e+01   6.8539618e+00
   1.2343800e+01   2.8836479e+00
   7.3799767e+00   4.5550309e+00
   9.6681494e+00   3.5518371e+00
   9.6613665e+00   3.3831834e+00
   8.5763772e+00   6.8047870e+00
   9.4787633e+00   5.1345342e+00
   1.1422233e+01   6.4791865e+00
   1.0059293e+01   5.7935506e+00
   1.0960585e+01   6.8715830e+00
   1.1634907e+01   4.8559207e-01
   9.7097310e+00   2.9557542e+00
   9.5903826e+00   4.6562304e+00
   8.6828804e+00   5.6958243e+00
   9.7227032e+00   7.2968650e+00
   9.2853073e+00   3.7207526e+00
   9.7807146e+00   3.7901051e+00
   9.7744169e+00   4.4296900e+00
   9.2716360e+00   6.3904410e+00
   8.8553172e+00   5.2128696e+00
   9.6223127e+00   7.2514033e+00
   1.0014626e+01   3.4561362e+00
   9.1043287e+00   5.8222673e+00
   1.0352239e+01   5.7743769e+00
   9.8558720e+00   1.7119845e+00
   9.7393436e+00   5.5927776e+00
   1.0911733e+01   8.4793873e+00
   1.2306182e+01   2.6044296e+00
   1.0847643e+01   3.7258375e+00
   1.0642691e+01   2.9664842e+00
   1.0004720e+01   7.2581359e+00
   1.0129787e+01   3.8869718e+00
   1.0581429e+01   6.5027160e+00
   9.4470197e+00   1.7104804e+00
   8.5074412e+00   1.3548955e+00
   1.0429112e+01   6.9947116e+00
   9.2981338e+00   6.1866125e+00
   1.0393717e+01   5.5601485e+00
   9.1694577e+00   6.9341352e+00
   8.7465828e+00   5.1351821e+00
   8.5965699e+00   5.2798103e+00
   1.0281101e+01   3.2502154e+00
   1.1954539e+01   5.0190112e+00
   1.0200438e+01   2.7993655e+00
   1.0490504e+01   3.2186004e+00
   1.0143809e+01   4.0455361e+00
   1.0230096e+01   5.2774708e+00
   1.2365475e+01   8.2056697e+00
   9.2187318e+00   5.7550601e+00
   9.8411107e+00   5.8122897e+00
   9.3262906e+00   6.0865589e+00
   1.0714048e+01   7.4073356e+00
   1.0255189e+01   6.1608378e+00
   9.6727377e+00   5.1273449e+00
   1.0742107e+01   4.1339146e+00
   8.9942961e+00   6.1944402e+00
   1.0119421e+01   1.6329656e+00
   1.0200442e+01   5.0834658e+00
   1.1573851e+01   6.8864887e+00
   1.0538628e+01   4.5440964e+00
   1.0033061e+01   6.1536385e+00
   8.6582539e+00   5.3448606e+00
   8.5290916e+00   6.1700565e+00
   1.0590631e+01   4.0130654e+00
   9.2998164e+00   8.3425243e+00
   9.7588093e+00   5.7932217e+00
   9.1305830e+00   5.2820195e+00
   1.0181603e+01   2.6188028e+00
   1.0227880e+01   4.6137027e+00
   1.1744720e+01   2.1087883e+00
   1.1817874e+01   4.4228250e+00
   1.1061633e+01   2.5417192e+00
   1.1083985e+01   4.8720683e+00
   8.8303280e+00   5.3044138e+00
   1.1275773e+01   4.0309078e+00
   9.0584276e+00   8.2657957e+00
   8.4005496e+00   7.7377910e+00
   1.3166253e+01   7.8278015e+00
   1.0318667e+01   6.1814571e+00
   9.3370633e+00   6.5600043e+00
   1.0007926e+01   3.6855116e+00
   1.0069009e+01   5.2636285e+00
   7.9299720e+00   2.7551657e+00
   9.2844499e+00   5.4796929e+00
   1.0529319e+01   7.2843122e+00
   1.0035540e+01   2.7982668e+00
   8.3371051e+00   4.5822351e+00
   9.5085077e+00   2.0678373e+00
   9.8499331e+00   6.2125620e+00
   1.0081332e+01   7.4616589e+00
   8.3212230e+00   7.2869035e+00
   1.0255336e+01   2.9486687e+00
   1.1529051e+01   3.5819304e+00
   8.4072734e+00   4.7956830e+00
   1.0438790e+01   4.2097532e+00
   1.1343651e+01   3.9448914e+00
   1.0380348e+01  -4.9069892e-02
   1.0589064e+01   6.2733535e+00
   9.5249618e+00   4.5311556e+00
   9.8148110e+00   6.3867229e+00
   8.8552846e+00   5.5290572e+00
   9.8784939e+00  -9.5708801e-01
   9.4473820e+00   4.3973737e+00
   9.3419672e+00   6.5721700e+00
   1.1447251e+01   7.0903310e+00
   9.8829426e+00   4.3655618e+00
   1.0629935e+01   6.0410313e+00
   1.0375307e+01   5.4759622e+00
   8.9851127e+00   6.8437489e+00
   8.1101418e+00   8.9272083e+00
   8.5662435e+00   3.1771295e+00
   1.0275941e+01   9.1998731e+00
   9.6987920e+00   5.4289282e+00
   1.0759503e+01   3.4019309e+00
   9.6200525e+00   3.3793209e+00
   8.6776971e+00   5.2355366e+00
   1.0096332e+01   5.2760458e+00
   1.1101048e+01   5.8218226e+00
   1.0265419e+01   6.6540134e+00
   9.8140446e+00   5.7231862e+00
   9.5790668e+00   2.9509800e+00
   1.1268122e+01   3.6196818e+00
   1.0914307e+01   3.4822227e+00
   9.5703485e+00   3.8190945e+00
   8.6536062e+00   5.7103059e+00
   9.0864496e+00   5.6814315e+00
   1.0333327e+01   4.5449237e+00
   8.9074112e+00   3.0023281e+00
   9.6130489e+00   4.3483008e+00
   9.8775648e+00   6.1940951e+00
   9.3402225e+00   4.7407881e+00
   9.3755226e+00   7.8806795e+00
   9.7736875e+00   3.3632131e+00
   9.4491590e+00   5.5883584e+00
   8.6577349e+00   7.3027441e+00
   1.0736589e+01   3.2794694e+00
   9.0804511e+00   4.8878098e+00
   1.1035039e+01   2.5705059e+00
   9.6565926e+00   3.1377930e+00
   9.6921171e+00   2.1054270e+00
   1.1295571e+01   3.1305019e+00
   1.0261089e+01   5.7352625e+00
   9.5977276e+00   4.5196978e+00
   9.1730444e+00   6.1660792e+00
   9.4827829e+00   7.0554799e+00
   1.0399909e+01   5.7251138e+00
   1.0847134e+01   6.5509620e+00
   1.0048011e+01   6.5099635e+00
   9.5070769e+00   9.7146369e+00
   1.0335437e+01   6.5144088e+00
   1.0671214e+01   2.0160025e+00
   9.5783376e+00   5.5915371e+00
   1.1443127e+01   6.3348202e+00
   9.6357190e+00   6.8853120e+00
   1.0898288e+01   6.6342771e+00
   1.0968344e+01   4.0161877e+00
   1.0056627e+01   5.0553829e+00
   9.9153335e+00   5.6903910e+00
   1.0872010e+01   5.4314740e+00
   8.1963447e+00   9.0579909e+00
   1.0033740e+01   1.7909654e+00
   1.0069139e+01   6.7113577e+00
   1.0365587e+01   7.3728472e+00
   9.1151403e+00   3.8188019e+00
   8.5898246e+00   5.9913118e+00
   7.3616204e+00   4.8219967e+00
   1.0545102e+01   2.9331453e+00
   1.1078006e+01   5.2013446e+00
   9.5556696e+00   8.3362665e+00
   1.2379327e+01   4.2017058e+00
   9.3590246e+00   6.2550396e+00
   8.6887184e+00   2.7573209e+00
   9.8543119e+00   3.1566818e+00
   1.0105785e+01   2.5219090e+00
   1.0682352e+01   2.1306313e+00
   1.0121040e+01   3.1149509e+00
   9.2363789e+00   3.2007139e+00
   8.4769769e+00   4.1158729e+00
   9.4133071e+00   1.7129236e+00
   8.6362561e+00   3.9862934e+00
   1.0723595e+01   3.4501626e+00
   9.8963724e+00   3.4125360e+00
   8.1469942e+00   4.3663276e+00
   1.0365595e+01   7.3435350e+00
   9.0775919e+00   4.9904042e+00
   1.1350378e+01   5.8420555e+00
   1.0052198e+01   8.1709945e+00
   1.0229233e+01   6.3692048e+00
   9.2126207e+00   5.2587737e+00
   1.0523016e+01   7.1720343e+00
   1.0064903e+01   9.4597453e+00
   1.0216167e+01   3.9660706e+00
   9.6797266e+00   6.6967457e+00
   1.0643380e+01   3.3720119e+00
   7.5607939e+00   2.5030695e+00
   1.0165680e+01   3.6451820e+00
   1.1048207e+01   4.8525361e+00
   9.8093334e+00   1.0765375e+00
   1.0578134e+01   1.8028106e+00
   9.4045047e+00   4.8858677e+00
   1.0172748e+01   6.2011272e+00
   9.4160231e+00   6.5709054e+00
   1.1145026e+01   5.8746806e+00
   1.0469943e+01   4.6403906e+00
   1.1375927e+01   6.0600317e+00
   9.9582401e+00   9.9857004e+00
   9.9406908e+00   8.9536295e+00
   1.0313304e+01   4.8812373e+00
   1.1448391e+01   7.8288645e+00
   7.6098522e+00   3.7588323e+00
   8.3234460e+00   5.7016033e+00
   1.1266753e+01   5.2888455e+00
   1.1893535e+01   6.5265944e+00
   9.7952262e+00   2.5701231e+00
   1.1353813e+01   6.2485141e+00
   1.2170193e+01   5.3372525e+00
   1.0189696e+01   5.6575172e+00
   9.5444730e+00   2.9427770e+00
   9.5228060e+00   4.2128473e+00
   9.7438705e+00   1.9117193e+00
   1.0798674e+01   3.5322748e+00
   9.8293528e+00   3.0602001e+00
   1.2037309e+01   4.3007462e+00
   9.6603188e+00   5.3384826e+00
   9.2841440e+00   6.6959174e+00
   1.0544520e+01   2.8618744e+00
   1.0235311e+01   5.5872444e+00
   1.0462526e+01   7.1729711e+00
   7.9061236e+00   6.9226305e+00
   9.8499975e+00   1.8111073e+00
   8.1664745e+00   6.4640360e+00
   1.0185339e+01   4.6624659e+00
   1.0764989e+01   7.7628155e+00
   1.1179579e+01   6.8586041e+00
   1.0752968e+01   4.3023085e+00
   1.0484078e+01   5.5388451e+00
   1.0775438e+01   6.0217030e+00
   9.9433387e+00   7.7643097e-02
   9.9614986e+00   3.7720236e+00
   1.1020447e+01   4.2091062e+00
   1.1087284e+01   2.7104927e+00
   9.5291698e+00   5.3526334e-01
   8.2027203e+00   6.6800750e+00
   7.7046773e+00   3.7724281e+00
   8.3774214e+00   7.3443187e+00
   8.9999281e+00   3.0835192e+00
   1.0447118e+01   6.9062516e+00
   9.2241591e+00   6.4068933e+00
   9.9146656e+00   6.1197901e+00
   1.0369391e+01   2.9240042e+00
   8.6137891e+00   4.6433687e+00
   9.1497502e+00   4.0601229e+00
   9.2506184e+00   3.0802265e+00
   9.1982106e+00   4.1099494e+00
   9.5607506e+00   1.7576525e+00
   1.0787179e+01   4.6852112e+00
   9.4925290e+00   4.6050835e+00
   1.0694311e+01   3.3372651e+00
   1.0340327e+01   6.2746679e+00
   1.0191856e+01   2.9028026e+00
   1.0975032e+01   4.5036336e+00
   1.2140161e+01   6.0498263e+00
   1.1467333e+01   5.4264478e+00
   8.4159662e+00   2.0524590e-01
   1.0529912e+01   3.4551623e+00
   8.7531557e+00   4.1877934e+00
   7.9892037e+00   3.8933606e+00
   8.7892911e+00   2.2940681e+00
   7.8180878e+00   4.9137675e+00
   8.8687250e+00   4.6647384e+00
   1.1354297e+01   7.5591863e+00
   9.5235130e+00   5.2244382e+00
   1.2680722e+01   6.4109628e+00
   1.0390817e+01   4.7392061e+00
   1.1003997e+01   1.3490711e+00
   9.8540061e+00   2.0534412e+00
   9.7204217e+00   3.4971922e+00
   9.2166320e+00   4.1325402e+00
   1.0160817e+01   6.1527021e+00
   8.5170647e+00   3.3310877e+00
   9.1499335e+00   3.7424093e+00
   8.9307754e+00   5.5117036e+00
   1.0168338e+01   3.8759008e+00
