   1.0000000e+00   2.2684542e+00
   2.0000000e+00   2.5862149e+00
   3.0000000e+00   2.2364182e+00
   4.0000000e+00   1.0700032e+00
   5.0000000e+00   2.5980273e-01
   6.0000000e+00   2.2482085e+00
   7.0000000e+00   1.1677276e+00
   8.0000000e+00   1.7358262e+00
   9.0000000e+00   4.5496296e+00
   1.0000000e+01   5.8940510e+00
   1.1000000e+01   4.4916642e+00
   1.2000000e+01   7.7065411e+00
   1.3000000e+01   8.4149932e-01
   1.4000000e+01   4.2453752e+00
   1.5000000e+01   4.6905696e+00
   1.6000000e+01   8.0290527e+00
   1.7000000e+01   6.1025463e+00
   1.8000000e+01   4.7523196e+00
   1.9000000e+01   6.8084332e+00
   2.0000000e+01   7.2848869e+00
   2.1000000e+01   6.6652502e+00
   2.2000000e+01   2.5450472e+00
   2.3000000e+01   8.9461619e+00
   2.4000000e+01   2.1691637e-01
   2.5000000e+01   7.7189793e+00
   2.6000000e+01   4.6973370e+00
   2.7000000e+01   7.3897782e+00
   2.8000000e+01   1.1197115e+01
   2.9000000e+01   7.6730501e+00
   3.0000000e+01   1.2834359e+01
   3.1000000e+01   1.0856821e+01
   3.2000000e+01   9.1070898e+00
   3.3000000e+01   8.0929367e+00
   3.4000000e+01   9.2081955e+00
   3.5000000e+01   1.1248990e+01
   3.6000000e+01   6.0589358e+00
   3.7000000e+01   1.2330124e+01
   3.8000000e+01   1.1958930e+01
   3.9000000e+01   1.3337730e+01
   4.0000000e+01   1.6095013e+01
   4.1000000e+01   1.1652511e+01
   4.2000000e+01   1.0638915e+01
   4.3000000e+01   1.5259268e+01
   4.4000000e+01   1.4989166e+01
   4.5000000e+01   1.3214139e+01
   4.6000000e+01   1.2613059e+01
   4.7000000e+01   1.4597834e+01
   4.8000000e+01   1.2140435e+01
   4.9000000e+01   1.4832189e+01
   5.0000000e+01   1.3724151e+01
   5.1000000e+01   1.3661385e+01
   5.2000000e+01   1.7535907e+01
   5.3000000e+01   1.5960698e+01
   5.4000000e+01   1.8902193e+01
   5.5000000e+01   1.4327251e+01
   5.6000000e+01   1.7280530e+01
   5.7000000e+01   1.5007637e+01
   5.8000000e+01   1.8637435e+01
   5.9000000e+01   2.0310068e+01
   6.0000000e+01   2.0046982e+01
   6.1000000e+01   1.4069235e+01
   6.2000000e+01   1.9963458e+01
   6.3000000e+01   1.8917419e+01
   6.4000000e+01   1.9868547e+01
   6.5000000e+01   1.8405174e+01
   6.6000000e+01   1.6498031e+01
   6.7000000e+01   2.1885587e+01
   6.8000000e+01   1.9385889e+01
   6.9000000e+01   2.0040418e+01
   7.0000000e+01   2.1336708e+01
   7.1000000e+01   2.6373480e+01
   7.2000000e+01   2.6187253e+01
   7.3000000e+01   1.9262678e+01
   7.4000000e+01   2.1251731e+01
   7.5000000e+01   2.4474764e+01
   7.6000000e+01   1.8653947e+01
   7.7000000e+01   2.5588052e+01
   7.8000000e+01   2.2769521e+01
   7.9000000e+01   2.6498588e+01
   8.0000000e+01   2.2240237e+01
   8.1000000e+01   2.2455055e+01
   8.2000000e+01   2.9228806e+01
   8.3000000e+01   2.6076026e+01
   8.4000000e+01   2.4580465e+01
   8.5000000e+01   2.3434072e+01
   8.6000000e+01   2.8006701e+01
   8.7000000e+01   2.6784218e+01
   8.8000000e+01   2.1872014e+01
   8.9000000e+01   2.4893428e+01
   9.0000000e+01   3.2940058e+01
   9.1000000e+01   2.7276467e+01
   9.2000000e+01   2.3600922e+01
   9.3000000e+01   2.6123969e+01
   9.4000000e+01   2.7360195e+01
   9.5000000e+01   2.9889157e+01
   9.6000000e+01   2.8474495e+01
   9.7000000e+01   2.9303153e+01
   9.8000000e+01   2.9364283e+01
   9.9000000e+01   2.7779346e+01
   1.0000000e+02   3.2345611e+01
