   0.0000000e+00   0.0000000e+00
   1.0000000e-01   1.1246292e-01
   2.0000000e-01   2.2270259e-01
   3.0000000e-01   3.2862676e-01
   4.0000000e-01   4.2839236e-01
   5.0000000e-01   5.2049988e-01
   6.0000000e-01   6.0385609e-01
   7.0000000e-01   6.7780119e-01
   8.0000000e-01   7.4210096e-01
   9.0000000e-01   7.9690821e-01
   1.0000000e+00   8.4270079e-01
   1.1000000e+00   8.8020507e-01
   1.2000000e+00   9.1031398e-01
   1.3000000e+00   9.3400794e-01
   1.4000000e+00   9.5228512e-01
   1.5000000e+00   9.6610515e-01
   1.6000000e+00   9.7634838e-01
   1.7000000e+00   9.8379046e-01
   1.8000000e+00   9.8909050e-01
   1.9000000e+00   9.9279043e-01
   2.0000000e+00   9.9532227e-01
   2.1000000e+00   9.9702053e-01
   2.2000000e+00   9.9813715e-01
   2.3000000e+00   9.9885682e-01
   2.4000000e+00   9.9931149e-01
   2.5000000e+00   9.9959305e-01
